1,1,44.42,49.23,139.10000000000002,85.74000000000001,1,1,1.0
1,2,313.88,0.0,405.06000000000006,116.6,1,1,1.0
1,3,98.66,1.12,230.09,68.22999999999999,1,1,1.0
1,4,0.0,17.74,17.3,27.12,1,1,0.0
2,1,33.92,46.61,139.11,85.73,1,1,1.0
2,2,313.56,0.0,405.06,116.58,1,1,1.0
2,3,98.66,1.12,230.09,68.22999999999999,1,1,1.0
2,4,0.0,17.74,17.3,27.12,1,1,0.0
3,1,19.92,42.23,139.11,85.74000000000001,1,1,1.0
3,2,313.25,0.0,405.05999999999995,116.56,1,1,1.0
3,3,98.66,1.12,230.09,68.22999999999999,1,1,1.0
3,4,0.0,17.74,17.3,27.12,1,1,0.0
4,1,2.43,35.23,139.1,85.74000000000001,1,1,1.0
4,2,312.93,0.0,405.06,116.54,1,1,1.0
4,3,98.66,1.12,230.09,68.22999999999999,1,1,1.0
4,4,0.0,17.74,17.3,27.12,1,1,0.0
5,1,2.43,35.23,93.57,62.970000000000006,1,1,1.0
5,2,312.61,0.0,405.05999999999995,116.52,1,1,1.0
5,3,98.66,1.12,230.09,68.22999999999999,1,1,1.0
5,4,0.0,17.74,17.3,27.12,1,1,0.0
6,1,2.43,35.23,73.47,62.07,1,1,1.0
6,2,312.3,0.0,405.06,116.5,1,1,1.0
6,3,98.66,1.12,230.09,68.22999999999999,1,1,1.0
6,4,0.0,17.74,17.3,27.12,1,1,0.0
7,1,2.43,35.23,56.87,55.07,1,1,1.0
7,2,311.98,0.0,405.05999999999995,116.49,1,1,1.0
7,3,98.66,1.12,230.09,68.22999999999999,1,1,1.0
7,4,0.0,17.74,17.3,27.12,1,1,0.0
8,1,2.43,35.23,40.27,47.17000000000001,1,1,1.0
8,2,311.66,0.0,405.06,116.47,1,1,1.0
8,3,98.66,1.12,230.09,68.22999999999999,1,1,1.0
8,4,0.0,17.74,17.3,27.12,1,1,0.0
9,1,2.43,35.23,26.27,44.57,1,1,1.0
9,2,311.35,0.0,405.05999999999995,116.45,1,1,1.0
9,3,98.66,1.12,230.09,68.22999999999999,1,1,1.0
9,4,0.0,17.74,17.3,27.12,1,1,0.0
10,1,2.43,35.23,9.67,40.17000000000001,1,1,1.0
10,2,311.03,0.0,405.06000000000006,116.43,1,1,1.0
10,3,98.66,1.12,230.09,68.22999999999999,1,1,1.0
10,4,0.0,17.74,17.3,27.12,1,1,0.0
10,5,919.28,184.84,40.72000000000003,89.22999999999999,1,1,1.0
11,2,310.71,0.0,405.06,116.41,1,1,1.0
11,3,98.66,1.12,230.09,68.22999999999999,1,1,1.0
11,5,867.7,177.0,92.29999999999995,97.07,1,1,1.0
12,2,310.4,0.0,405.06000000000006,116.39,1,1,1.0
12,3,98.66,1.12,230.09,68.22999999999999,1,1,1.0
12,5,820.5,163.9,139.5,110.16999999999999,1,1,1.0
13,2,310.08,0.0,405.06,116.37,1,1,1.0
13,3,98.66,1.12,230.09,68.22999999999999,1,1,1.0
13,5,775.0,151.7,185.0,122.37,1,1,1.0
14,2,309.76,0.0,405.07000000000005,116.36,1,1,1.0
14,3,98.66,1.12,230.09,68.22999999999999,1,1,1.0
14,5,737.82,138.14,221.27999999999997,132.85000000000002,1,1,1.0
14,6,0.68,180.46,18.37,42.0,1,1,1.0
15,2,309.45,0.0,405.06,116.34,1,1,1.0
15,3,98.66,1.12,230.09,68.22999999999999,1,1,1.0
15,5,700.64,124.58,257.56000000000006,143.32,1,1,1.0
15,6,0.68,180.46,42.82,54.23999999999998,1,1,1.0
16,2,309.13,0.0,405.06000000000006,116.32,1,1,1.0
16,3,98.66,1.12,230.09,68.22999999999999,1,1,1.0
16,5,660.39,113.21,261.90999999999997,138.09000000000003,1,1,1.0
16,6,0.0,166.5,55.7,84.80000000000001,1,1,1.0
17,2,308.82,0.0,405.06,116.3,1,1,1.0
17,3,98.66,1.12,230.09,68.22999999999999,1,1,1.0
17,5,619.27,107.96,261.90999999999997,138.09000000000003,1,1,1.0
17,6,0.0,169.12,79.3,96.18,1,1,1.0
18,2,308.5,0.0,405.05999999999995,116.28,1,1,1.0
18,3,98.66,1.12,230.09,68.22999999999999,1,1,1.0
18,5,579.03,107.08,261.9100000000001,138.10000000000002,1,1,1.0
18,6,0.0,169.12,102.9,112.77999999999997,1,1,1.0
19,2,308.18,0.0,405.06,116.26,1,1,1.0
19,3,98.66,1.12,230.09,68.22999999999999,1,1,1.0
19,5,547.54,93.96,261.9000000000001,138.09000000000003,1,1,1.0
19,6,0.0,169.12,126.5,129.38,1,1,1.0
20,2,307.87,0.0,405.05999999999995,116.24,1,1,1.0
20,3,98.66,1.12,230.09,68.22999999999999,1,1,1.0
20,5,512.54,86.96,261.9100000000001,138.09000000000003,1,1,1.0
20,6,0.88,163.88,158.02,141.62,1,1,1.0
21,2,307.55,0.0,405.06,116.23,1,1,1.0
21,3,98.66,1.12,230.09,68.22999999999999,1,1,1.0
21,5,485.42,81.71,261.91,138.09000000000003,1,1,1.0
21,6,11.37,179.62,158.03,141.63,1,1,1.0
22,2,307.23,0.0,405.05999999999995,116.21,1,1,1.0
22,3,98.66,1.12,230.09,68.22999999999999,1,1,1.0
22,5,443.43,76.46,261.91,138.09000000000003,1,1,1.0
22,6,0.0,192.7,201.8,144.3,1,1,1.0
23,2,306.92,0.0,405.06,116.19,1,1,1.0
23,3,98.66,1.12,230.09,68.22999999999999,1,1,1.0
23,5,407.56,72.96,261.91,138.10000000000002,1,1,1.0
23,6,16.62,204.07,201.79999999999998,144.3,1,1,1.0
24,2,306.6,0.0,405.05999999999995,116.17,1,1,1.0
24,3,98.66,1.12,230.09,68.22999999999999,1,1,1.0
24,5,382.19,70.34,261.90000000000003,138.09,1,1,1.0
24,6,37.62,209.32,230.68,153.88,1,1,1.0
25,2,306.28,0.0,405.06000000000006,116.15,1,1,1.0
25,3,98.66,1.12,230.09,68.22999999999999,1,1,1.0
25,5,360.32,67.71,261.90000000000003,138.10000000000002,1,1,1.0
25,6,67.36,225.07,230.69,153.88,1,1,1.0
26,2,305.97,0.0,405.05999999999995,116.13,1,1,1.0
26,3,98.66,1.12,230.09,68.22999999999999,1,1,1.0
26,5,337.57,64.21,261.91,138.10000000000002,1,1,1.0
26,6,90.11,243.44,230.68,153.88,1,1,1.0
27,2,305.65,0.0,405.06000000000006,116.11,1,1,1.0
27,3,98.66,1.12,230.09,68.22999999999999,1,1,1.0
27,5,313.07,56.34,261.91,138.09,1,1,1.0
27,6,126.85,266.19,230.69000000000003,153.88,1,1,1.0
28,2,305.33,0.0,405.06,116.09,1,1,1.0
28,3,98.66,1.12,230.09,68.22999999999999,1,1,1.0
28,5,287.27,55.03,261.9,138.09,1,1,1.0
28,6,181.97,284.56,230.67999999999998,153.88,1,1,1.0
29,2,305.02,0.0,405.06000000000006,116.08,1,1,1.0
29,3,98.66,1.12,230.09,68.22999999999999,1,1,1.0
29,5,261.46,53.71,261.90000000000003,138.1,1,1,1.0
29,6,181.97,284.56,313.83000000000004,198.54000000000002,1,1,1.0
29,7,907.03,178.71,52.97000000000003,72.62,1,1,1.0
30,2,304.7,0.0,405.06,116.06,1,1,1.0
30,3,98.66,1.12,230.09,68.22999999999999,1,1,1.0
30,5,243.52,48.9,261.90999999999997,138.1,1,1,1.0
30,6,237.09,307.31,313.8299999999999,198.54000000000002,1,1,1.0
30,7,865.0,178.71,95.0,72.62,1,1,1.0
31,2,304.38,0.0,405.07000000000005,116.04,1,1,1.0
31,3,98.66,1.12,230.09,68.22999999999999,1,1,1.0
31,5,225.59,44.09,261.9,138.09,1,1,1.0
31,6,298.33,326.55,313.83,198.54000000000002,1,1,1.0
31,7,812.5,143.7,147.5,107.63000000000002,1,1,1.0
32,2,304.07,0.0,405.06,116.02,1,1,1.0
32,3,98.66,1.12,230.09,68.22999999999999,1,1,1.0
32,5,201.98,46.75,216.4,103.06,1,1,1.0
32,6,328.95,344.03,355.83,188.51999999999998,1,1,1.0
32,7,765.3,143.7,194.70000000000005,107.63000000000002,1,1,1.0
33,2,303.75,0.0,405.05999999999995,116.0,1,1,1.0
33,3,98.66,1.12,230.09,68.22999999999999,1,1,1.0
33,5,187.98,38.0,216.4,103.07,1,1,1.0
33,6,359.57,361.5,397.83,178.5,1,1,1.0
33,7,732.9,123.6,227.10000000000002,127.73000000000002,1,1,1.0
34,2,303.44,0.0,405.06,115.98,1,1,1.0
34,3,98.66,1.12,230.09,68.22999999999999,1,1,1.0
34,5,165.23,34.5,216.4,103.07,1,1,1.0
34,6,430.43,372.0,397.83,168.0,1,1,1.0
34,7,684.78,113.1,227.10000000000002,127.73000000000002,1,1,1.0
35,2,303.12,0.0,405.05999999999995,115.96,1,1,1.0
35,3,98.66,1.12,230.09,68.22999999999999,1,1,1.0
35,5,173.08,50.23,175.30999999999997,69.84,1,1,1.0
35,6,487.73,402.2,400.9,137.35999999999996,1,1,1.0
35,7,654.16,104.35,227.10000000000002,127.73000000000002,1,1,1.0
36,2,302.8,0.0,405.06,115.95,1,1,1.0
36,3,98.66,1.12,230.09,68.22999999999999,1,1,1.0
36,5,154.71,46.29,175.30999999999997,69.84,1,1,1.0
36,6,545.04,432.4,403.96000000000004,106.72000000000003,1,1,1.0
36,7,611.29,94.73,227.10000000000002,127.71999999999998,1,1,1.0
37,2,302.49,0.0,405.05999999999995,115.93,1,1,1.0
37,3,98.66,1.12,230.09,68.22999999999999,1,1,1.0
37,5,136.33,42.35,175.30999999999997,69.84,1,1,1.0
37,6,632.07,455.15,316.92999999999995,83.98000000000002,1,1,1.0
37,7,574.11,85.98,227.10000000000002,127.71999999999998,1,1,1.0
38,2,302.17,0.0,405.06,115.91,1,1,1.0
38,3,98.66,1.12,230.09,68.22999999999999,1,1,1.0
38,5,117.53,41.48,175.29999999999998,69.84,1,1,1.0
38,6,719.1,477.9,229.89999999999998,61.23000000000002,1,1,1.0
38,7,536.93,77.23,227.10000000000002,127.73,1,1,1.0
39,2,301.85,0.0,405.05999999999995,115.89,1,1,1.0
39,3,98.66,1.12,230.09,68.22999999999999,1,1,1.0
39,5,98.72,40.6,175.30999999999997,69.84,1,1,1.0
39,6,840.7,501.5,108.29999999999995,37.629999999999995,1,1,1.0
39,7,494.06,73.73,227.09999999999997,127.73,1,1,1.0
40,2,301.54,0.0,405.06,115.87,1,1,1.0
40,3,98.66,1.12,230.09,68.22999999999999,1,1,1.0
40,5,77.72,36.23,175.31,69.84,1,1,1.0
40,7,471.32,64.98,227.08999999999997,127.73,1,1,1.0
41,2,301.22,0.0,405.05999999999995,115.85,1,1,1.0
41,3,98.66,1.12,230.09,68.22999999999999,1,1,1.0
41,5,71.6,34.48,160.42000000000002,66.33000000000001,1,1,1.0
41,7,458.23,77.23,179.81999999999994,83.11,1,1,1.0
42,2,300.9,0.0,405.06000000000006,115.83,1,1,1.0
42,3,98.66,1.12,230.09,68.22999999999999,1,1,1.0
42,5,65.47,32.73,145.54,62.830000000000005,1,1,1.0
42,7,431.99,71.98,179.80999999999995,83.11,1,1,1.0
43,2,300.59,0.0,405.06,115.82,1,1,1.0
43,3,98.66,1.12,230.09,68.22999999999999,1,1,1.0
43,5,59.35,30.98,130.65,59.31999999999999,1,1,1.0
43,7,395.24,66.73,179.81999999999994,83.11,1,1,1.0
44,2,300.27,0.0,405.06000000000006,115.8,1,1,1.0
44,3,98.66,1.12,230.09,68.22999999999999,1,1,1.0
44,5,48.85,31.42,130.65,59.31999999999999,1,1,1.0
44,7,377.75,64.11,179.80999999999995,83.10000000000001,1,1,1.0
45,2,299.95,0.0,405.07,115.78,1,1,1.0
45,3,98.66,1.12,230.09,68.22999999999999,1,1,1.0
45,5,38.35,31.86,130.65,59.32000000000001,1,1,1.0
45,7,343.63,54.48,179.81000000000006,83.11000000000001,1,1,1.0
46,2,299.64,0.0,405.06000000000006,115.76,1,1,1.0
46,3,98.66,1.12,230.09,68.22999999999999,1,1,1.0
46,5,23.92,27.04,130.64999999999998,59.32,1,1,1.0
46,7,307.76,50.11,179.81,83.11,1,1,1.0
47,2,299.32,0.0,405.06,115.74,1,1,1.0
47,3,98.66,1.12,230.09,68.22999999999999,1,1,1.0
47,5,9.48,22.23,130.65,59.31999999999999,1,1,1.0
47,7,291.57,46.61,179.82,83.11,1,1,1.0
48,2,299.0,0.0,405.07000000000005,115.72,1,1,1.0
48,3,98.66,1.12,230.09,68.22999999999999,1,1,1.0
48,5,4.74,20.48,130.57999999999998,59.31999999999999,1,1,1.0
48,7,275.39,43.11,179.81,83.11,1,1,1.0
49,2,299.0,0.0,405.07000000000005,115.72,1,1,1.0
49,3,98.66,1.12,230.09,68.22999999999999,1,1,1.0
49,5,0.0,18.73,130.51,59.31999999999999,1,1,1.0
49,7,248.71,40.05,179.80999999999997,83.10000000000001,1,1,1.0
50,2,299.0,0.0,405.07000000000005,115.72,1,1,1.0
50,3,98.66,1.12,230.09,68.22999999999999,1,1,1.0
50,5,8.75,19.61,102.5,56.67,1,1,1.0
50,7,222.02,36.99,179.81999999999996,83.1,1,1,1.0
51,2,299.0,0.0,405.07000000000005,115.72,1,1,1.0
51,3,98.66,1.12,230.09,68.22999999999999,1,1,1.0
51,5,5.25,19.17,102.5,56.67,1,1,1.0
51,7,207.15,34.36,179.80999999999997,83.11,1,1,1.0
52,2,299.0,0.0,405.07000000000005,115.72,1,1,1.0
52,3,98.66,1.12,230.09,68.22999999999999,1,1,1.0
52,5,1.75,18.73,102.5,56.67,1,1,1.0
52,7,193.15,31.74,179.82000000000002,83.10000000000001,1,1,1.0
53,2,299.0,0.0,405.07000000000005,115.72,1,1,1.0
53,3,98.66,1.12,230.09,68.22999999999999,1,1,1.0
53,5,1.75,18.73,78.87,48.81999999999999,1,1,1.0
53,7,165.16,30.86,179.81000000000003,83.11,1,1,1.0
54,2,299.0,0.0,405.07000000000005,115.72,1,1,1.0
54,3,98.66,1.12,230.09,68.22999999999999,1,1,1.0
54,5,1.75,18.73,55.25,40.97,1,1,1.0
54,7,165.16,30.86,136.94000000000003,68.24,1,1,1.0
55,2,299.0,0.0,405.07000000000005,115.72,1,1,1.0
55,3,98.66,1.12,230.09,68.22999999999999,1,1,1.0
55,5,1.75,18.73,46.5,40.519999999999996,1,1,1.0
55,7,157.28,29.99,136.95000000000002,68.24000000000001,1,1,1.0
56,2,299.0,0.0,405.07000000000005,115.72,1,1,1.0
56,3,98.66,1.12,230.09,68.22999999999999,1,1,1.0
56,5,1.75,18.73,37.75,40.06999999999999,1,1,1.0
56,7,132.79,27.36,136.94000000000003,68.24,1,1,1.0
57,2,299.0,0.0,405.07000000000005,115.72,1,1,1.0
57,3,98.66,1.12,230.09,68.22999999999999,1,1,1.0
57,5,1.75,18.73,31.65,40.92,1,1,1.0
57,7,116.16,22.99,136.95000000000002,68.24000000000001,1,1,1.0
58,2,299.0,0.0,405.07000000000005,115.72,1,1,1.0
58,3,98.66,1.12,230.09,68.22999999999999,1,1,1.0
58,5,1.75,18.73,25.55,41.769999999999996,1,1,1.0
58,7,105.37,22.4,136.95,68.24000000000001,1,1,1.0
59,2,299.0,0.0,405.07000000000005,115.72,1,1,1.0
59,3,98.66,1.12,230.09,68.22999999999999,1,1,1.0
59,5,0.0,18.73,24.68,41.769999999999996,1,1,1.0
59,7,94.58,21.82,136.95,68.24000000000001,1,1,1.0
60,2,299.0,0.0,405.07000000000005,115.72,1,1,1.0
60,3,98.66,1.12,230.09,68.22999999999999,1,1,1.0
60,5,0.0,18.73,14.2,38.269999999999996,1,1,0.0
60,7,83.79,21.24,136.95,68.24000000000001,1,1,1.0
